0
100037
100038
100039
1003
100436
100497
100514
100515
1008
100929
100935
100948
100968
100973
100976
101349
101385
101394
1014
101414
1016
1017
101783
101856
1019
101917
1020
1022
102228
102253
1023
102305
1024
1025
102694
102696
102700
102702
1028
1029
103116
103120
1032
103427
103444
103511
103845
103940
1041
104315
104618
104640
104679
104693
105365
105470
105472
105479
105766
105770
106140
106451
106541
106542
106550
106554
106564
106798
106836
106873
107181
107224
107225
107226
107867
107890
107892
107908
108224
108235
108526
108566
109182
109183
109442
1095
109735
109768
1098
110042
110057
110281
110302
110326
110329
1105
110567
110614
1109
111089
1115
111588
111589
111637
111653
111911
112098
112123
112126
112127
112130
112338
112391
112581
112600
112631
112848
113533
113724
113907
113912
113914
114042
1141
114108
114261
114654
114819
115057
1151
115199
115355
115981
116108
116127
116215
116246
116247
116517
116525
116988
117088
117188
117196
117221
117309
1250
1281
1287
136
138
13878
14354
14570
1465
14662
14665
14666
14725
14818
14831
14845
14846
14848
14849
14852
14854
14858
14893
14896
14897
14899
1490
14900
14910
14912
14914
14924
14925
14929
14931
14936
14937
14939
1494
14947
14953
14955
14956
14960
14997
14998
14999
15004
15007
15013
15018
15019
15020
15022
15023
15024
15025
15030
15031
15059
15063
15064
1529
153
15342
15352
15356
15360
15361
15364
15365
15368
15369
15658
15660
15662
15665
15668
15672
15673
15675
15677
15678
15679
15680
15697
15698
15701
15702
15703
15704
15710
15714
15715
15716
15720
15723
15727
15728
15730
15732
15739
15740
15747
15778
15797
15798
15803
15805
15806
1581
15815
15818
15864
15868
15874
15884
15907
15908
15910
15911
15913
15915
15917
15922
15933
15938
16003
16004
16008
16013
16018
16022
16023
16030
16031
16033
16034
16036
16037
16038
16039
16041
16064
16070
16071
16072
16077
16078
16082
16084
16086
16088
16089
16116
16143
16145
16161
16162
16166
16172
16173
16174
16175
16176
16191
16199
16201
16202
16212
16213
16214
16218
16219
16220
16232
16235
16236
16241
16251
16260
16264
16265
16271
16272
16281
16293
16294
16297
16301
16306
16321
16332
16333
16337
16340
16342
16343
16345
16347
16349
16351
16354
16358
16387
16389
16411
16416
16421
16431
16439
16443
16459
16464
16472
16476
16482
16486
16491
16495
16496
16503
16512
16524
16563
16570
16580
16591
16606
16612
16613
16617
16624
16631
16633
16636
16639
16764
16767
16768
16775
16780
16790
16794
16798
16801
16826
16834
16923
16933
16985
16987
16988
16989
17092
17101
17171
17182
17183
17226
17249
17278
17292
17296
17302
17308
1732
17761
17764
17767
17769
17777
17791
17798
17805
17813
17814
17825
17836
17849
1805
18058
18063
18066
18072
18221
18226
18228
18229
18231
18235
18254
18255
18256
18257
18270
18275
18277
18278
18290
18295
18300
18306
18314
18332
18339
18373
18380
18381
18382
18394
18399
18400
18404
18405
18407
18411
18418
18462
18467
18519
18523
18524
18552
18589
18605
18632
18640
18688
18897
18913
189629
19272
19284
19303
19310
19312
1937
19399
19481
19484
19629
19650
19663
19666
19678
1969
19708
19712
19713
19722
19723
19729
19730
19731
19735
19741
19744
19751
19752
19753
19755
19756
19757
19764
19797
19802
19815
19816
19821
19823
19825
19835
19842
19843
19850
19942
19945
19946
19949
19962
19964
19965
19975
19980
19981
19982
19989
19998
20097
20101
20115
20178
20196
20204
20208
20218
20220
20222
20226
20231
20252
20268
20270
20271
20272
20273
20274
20275
20276
20277
20279
20281
20284
20285
20287
20289
20290
20291
20292
20293
20294
20296
20297
20298
20299
203
20305
20309
20312
20319
20323
20330
20331
20332
20338
20342
20344
20349
20351
20356
20364
20483
20487
20666
20701
20731
20732
20733
20738
20739
20741
20742
20743
20744
20745
20747
20788
20793
20798
20801
20803
20817
20842
20883
20897
21305
21307
21372
21373
21377
21390
21400
21415
21416
21428
21432
21443
21445
21446
21447
21448
21457
216
21668
21710
21711
21718
21719
21738
21743
21746
21750
21751
21811
21826
21898
21914
21915
22271
22275
22278
22281
22282
22286
22313
22318
22329
22333
2235
22390
22391
22394
22402
22419
22429
22430
22471
22481
22482
22484
2252
22563
22569
22574
22598
22611
22643
22662
22672
22676
22678
22679
22680
22682
22947
22954
22956
2298
23086
23089
23090
23094
23096
23127
23131
23140
23147
23148
23150
23151
23152
23164
23174
23179
23181
23187
23194
23207
23320
23356
23395
234049
2341
2342
23453
23459
23461
23465
23489
23497
23498
23499
23503
23511
23548
23553
23567
23568
237
23701
23702
23721
23722
23728
23729
23730
23732
23733
23734
23736
23737
23740
23745
2375
23799
23802
23815
23820
23842
23867
23875
23884
23885
23921
23942
23960
23961
23964
23965
23966
23968
23969
23970
23971
23972
23973
23974
23976
23977
23978
23979
23980
23981
23982
23983
23985
23986
23987
23988
23990
23994
23995
24014
24016
2408
24884
24887
24912
25042
25045
25057
25095
25097
25098
25103
25139
25140
25186
25192
25203
25204
25209
25210
25212
25213
25214
25215
25227
25231
25235
25236
25238
25240
25241
25265
25266
25267
25269
25270
25272
25273
25274
25277
25278
25279
25280
25281
25283
25284
25285
25287
25304
25305
25312
25313
25314
25320
25322
25326
25328
25330
25339
25364
25393
25407
25416
25442
25502
25536
25540
25541
25546
25548
25549
25552
25553
25554
25559
25561
25562
25565
25568
25569
25570
25573
25589
256
25623
25624
25628
25638
25643
25665
25667
25677
25681
25694
25695
25696
25701
25703
25705
25725
25726
25729
25730
25731
25732
25733
25734
25736
25737
25738
25739
25740
25741
25742
25744
25749
25751
25753
25787
25788
25805
25812
25814
25816
25817
25819
25829
25831
25857
25858
25862
25865
25877
25882
25883
25885
25886
25890
25898
25899
25951
25958
25959
25960
25964
25965
25969
25975
25985
25988
25989
25991
25993
2609
26313
26322
26323
26327
26328
26346
26356
26360
26380
26381
26391
26398
26399
26402
26410
26411
26419
2642
26429
26430
26431
26432
26436
26437
2651
26791
26798
26800
26805
26808
26809
26816
26820
26821
26831
26841
26898
26900
26913
26915
26917
26918
26924
26929
26948
26953
26954
26955
26956
26971
26972
26980
26981
26982
26985
26986
27010
27029
27082
27122
27124
27140
27144
27177
27178
27180
27188
27207
27230
27258
27262
27264
27267
27268
27269
27287
27291
27292
27295
27297
27298
27299
27301
27306
27314
27317
27323
27341
27348
27356
27396
27400
27401
27403
27404
27405
27406
27407
27411
27412
27416
27583
27589
27614
27618
27623
27665
27697
27699
27714
27719
27722
27723
27727
27728
27729
27730
27736
27750
27752
27755
27780
27785
27786
27796
27797
27798
27800
27801
27802
27825
27826
27829
27831
278393
27840
27844
27876
27880
2789
27894
27896
2790
27901
27903
27907
27935
27986
2801
28073
28074
28082
28083
28085
2809
28096
28105
28109
28111
28112
28114
28149
2824
28294
28306
28310
28315
28322
28325
28327
28340
28343
28344
28351
28354
28360
28362
28370
28372
28377
28383
28403
28416
28419
28426
28441
28472
28479
28486
28490
28493
28494
28504
28507
28510
28515
28516
28517
28528
28532
28534
28544
28546
28549
28550
28562
28564
28566
28568
28569
28572
28579
28581
28586
28591
28598
28622
28633
28634
28660
28787
28796
28804
28834
28837
28842
28850
28853
28855
28866
28877
28884
28889
28893
28897
28899
28930
28931
28934
28941
28943
29003
29015
29021
29024
29042
29058
29071
29072
29076
29082
29084
29093
29094
29095
29100
29113
29117
29119
29122
29123
29136
2925
29260
29262
29288
29289
29291
29302
29304
29570
29621
29634
29663
29665
29688
29693
29695
29697
29708
29918
29922
29926
29929
29945
29949
29951
29955
29956
2997
3003
302049
30326
30356
3049
30560
30562
30564
30565
30566
30570
30573
3058
30583
30584
30612
30618
30627
30628
30629
30636
3066
3069
30829
30833
30834
30837
30839
30840
30845
30851
30853
30854
30858
30865
30867
30868
30881
30886
30890
30906
30926
30932
30952
30997
30999
31005
31008
31009
31020
31025
31041
31044
31183
31193
311937
311954
31198
31200
31201
312028
312039
312046
31205
312081
312089
312116
312121
312122
312129
312130
312136
31219
31220
31221
31222
31223
31224
31225
31226
31228
31232
31234
3124
31246
31247
3125
3127
3129
31299
3130
31346
31349
31352
31369
31373
31374
31401
31402
31411
31437
31441
31449
31461
31492
31505
31599
31604
31613
31614
31615
31616
31639
31640
31641
31642
31652
31654
31661
31662
31670
31671
31672
31674
31686
31687
31689
31693
31700
31702
31713
31728
31732
31736
31740
31746
31748
31760
31761
31823
31825
31826
31835
31839
31842
31852
31853
31854
31858
31859
31906
31913
31917
31921
31922
31929
31936
31942
31960
31969
31974
31976
31983
31987
31989
31990
31992
31993
31995
31996
32029
32032
32064
32065
32086
32087
32093
32109
32112
32114
32141
32145
32147
32174
32222
32223
32224
32234
32236
32264
32269
32270
32283
32292
32299
32305
32306
32307
32310
32398
32402
32411
32419
32423
32424
32456
32541
32542
32568
32586
32588
32621
32622
32623
3263
32630
32634
3264
32642
32985
32986
32993
32997
33001
33002
33012
33032
33033
33054
33062
33080
33102
33111
33115
33118
33125
33129
33140
33141
33146
33147
33148
33149
33150
33151
33152
33153
33154
33155
33161
33166
33169
33173
33194
33206
33209
33212
33217
33223
33229
33230
33231
33232
33233
33234
33235
33236
33237
33238
33239
33240
33241
33243
33245
33247
33248
33249
33255
33261
33273
33322
33323
33324
33326
33329
33339
33340
33354
33411
33423
33590
33592
33618
33619
33620
33626
33632
33642
33895
33896
33934
33980
33983
33986
33987
33988
33989
33993
33996
34005
34019
34025
34026
34037
34039
34056
34057
34060
34061
34063
34072
34073
34074
34075
34076
34080
34095
34105
34109
34138
34148
34150
34156
34160
34173
34174
34182
34186
34195
34197
34206
34207
34208
34210
34211
34213
34214
34215
34216
34218
34223
34226
34230
34232
34236
34247
34248
34249
34260
34277
34287
34293
34294
34295
34297
34299
34300
34302
34311
34313
34314
34327
34333
34345
34346
34347
34364
34365
34396
34425
34426
34429
34430
34431
34432
34433
34434
34435
34436
34442
34449
34451
34463
34464
34475
34483
34498
34502
34503
34516
34518
34521
34522
34525
34528
34530
34531
34532
34534
34536
34542
34548
34549
34558
34562
34575
34576
34577
34579
34580
34581
34582
34583
34584
34587
34591
34599
34613
34615
34620
34628
34634
34637
34645
34647
34648
34651
34687
34688
34689
34695
34701
34714
34716
34718
34730
34735
34736
34748
34751
34752
34763
34764
34769
34780
34782
34795
34797
34798
34799
34800
34801
34802
34803
34808
34810
34817
34832
34847
34861
34863
34865
34867
34869
34871
34882
34884
34886
34887
34895
34902
34904
34920
34921
34923
34924
34950
34954
34958
34964
34974
34982
34983
34984
34985
34986
34988
34989
34990
34991
35000
35002
35012
35015
35016
35017
35027
35040
35041
35042
35043
35044
35046
35048
35050
35051
35066
35068
35133
35134
35141
35151
35152
35185
35186
35188
35190
35196
35197
35208
35209
35210
35261
35265
35278
35279
35296
35326
35332
35343
35374
35376
35381
35394
35395
35398
35401
35407
35417
35423
35444
35451
35455
35469
35494
35498
35499
35502
35525
35526
35528
35529
35531
35532
35533
35540
35625
35632
35644
35648
35652
35655
35708
35716
35720
35733
35751
35752
35768
35788
35790
35791
35792
35793
35815
35828
35851
35867
35872
35874
35886
35897
35899
35901
35903
35908
35914
35916
35919
35925
35929
35930
35940
35952
35955
35966
35969
35971
35972
35973
35988
35990
35991
36005
36014
36020
36023
36031
36049
36050
36103
36114
36135
36152
36154
3617
36174
36177
36187
36207
36213
36222
36237
36240
36241
36250
36252
36267
36280
36281
36285
36291
36296
36301
36306
36311
36326
36337
36340
36348
36350
36376
36386
36410
36422
36424
36429
36463
36480
36500
36505
36511
36544
36551
36568
36569
36570
36574
36575
3658
36602
3661
36610
36613
36626
36629
36635
36636
36646
36674
36686
36701
36714
36724
36725
36731
36735
36746
36761
36772
36783
36789
36816
36822
36826
36828
36858
36871
36887
36888
36889
36892
3690
36900
36902
36913
36916
36918
36919
36926
36927
36957
36961
36963
36965
36966
36967
36971
36975
36976
36992
36997
37004
37008
37009
37018
37089
37094
37103
37115
37124
37138
37143
37145
37155
3716
3719
37221
37235
37260
37326
37328
37350
37362
37383
37384
37410
37415
37427
37435
37439
37445
37446
37448
37449
37450
37451
37456
37462
37464
37552
37557
37562
37567
37571
37572
37610
37622
37630
37631
37639
37651
37653
37672
37709
37732
37734
37737
37749
37763
37769
37774
37778
37785
37789
37793
37798
37804
37806
37807
3789
37942
37943
37951
37969
37971
37972
37973
37981
38
38029
38063
38068
38082
38083
38112
38113
38114
38119
38124
3815
38205
38206
38209
38237
3826
38268
3827
38279
38368
38372
38375
38390
38391
38392
38398
38403
3842
38427
38439
38468
38469
3847
38470
38479
38480
38481
38482
3853
38587
38589
38603
38605
38632
38644
38648
38655
38656
38657
38658
38659
38704
38706
38707
38708
38710
38711
38713
38714
38717
38718
38719
38720
38721
38722
38723
38725
38726
38738
38751
38753
38755
38764
38782
38799
38800
38804
38805
38808
38809
38813
38814
38816
38840
38841
38845
38852
38860
38943
38964
38968
38972
38985
38989
38992
39007
39011
391
39138
39143
39146
39149
39160
39177
39182
39183
39186
39188
39195
39217
39221
39229
39230
39232
39233
39252
39261
39262
39264
39322
39323
39324
39325
39326
39327
39328
39329
39330
39331
39332
39333
39339
39342
39353
39354
39355
39360
39368
39369
39371
39373
39374
39375
39382
39384
39392
39393
39394
39395
39396
39397
39398
39401
39416
39417
39419
39421
39429
39445
39447
39448
39449
39450
39472
39473
39474
39476
39480
39487
39488
39511
39515
39518
39543
39544
39598
39599
39600
39602
39608
39611
39612
39614
39615
39622
39628
39630
39631
39632
39641
39671
39694
39695
39720
39743
39807
39861
39863
39877
39879
39883
39887
39888
39893
39897
39898
39932
39937
39939
39953
39957
39968
39971
39974
39981
40000
40003
40009
40012
40027
40057
40058
40059
40060
40061
40062
40069
40072
40114
40129
40131
40132
40145
40159
40180
40184
40185
40186
40189
40197
40202
40204
40205
40216
40230
40237
40267
40272
40277
40288
40299
40302
40303
40305
40309
40311
40327
40328
40330
40331
40338
40345
40391
40398
40399
40420
40426
40438
40440
40441
40443
40453
40456
40462
40466
40467
40474
40475
40477
40519
40531
40540
40585
40590
40599
40609
40621
40622
40630
40634
40644
40645
40646
40654
40669
40680
40681
40684
40691
40698
40712
40713
40729
40745
40747
40749
40753
40762
40777
40779
40789
40804
40806
40848
40855
40862
40864
40865
40867
40897
40903
40919
40944
40955
40960
40968
40997
41000
41023
41111
41115
41116
41119
41123
41128
41139
41146
41234
41235
41246
41247
41264
41265
41269
41276
41279
41289
41296
41297
41298
41299
41310
41312
41314
41325
41328
41334
41346
41371
41372
41378
41385
41399
41400
41409
41418
41430
41431
41440
41441
41457
41458
41460
41461
41462
41463
41464
41465
41470
41477
41488
41493
41495
41497
41518
41569
41570
41575
41576
41579
41581
41582
41583
41591
41594
41618
41640
41642
41643
41649
41660
41662
41663
41671
41683
41685
41695
41698
41755
41758
41805
41813
41825
41846
41850
41856
41857
41868
41896
41905
41913
41914
41932
41943
41948
41949
41950
41952
41971
41975
41992
42006
42015
42021
42031
42041
42056
42081
42085
42093
42102
42121
42123
42127
42132
42135
42189
42207
42208
42226
42228
42233
42240
42242
42301
42304
42312
42313
42315
42316
42323
42347
42350
42355
42360
42362
42367
42376
42378
42380
42382
42383
42388
42399
42413
42416
42431
42437
42438
42439
42441
42444
42448
42457
42465
42467
42479
42480
42481
42487
42488
42502
42508
42531
42532
42592
42593
42594
42608
42610
42611
42612
42634
42636
42641
42642
42643
42654
42656
42668
42678
42680
42681
42690
42694
42709
42710
42713
42732
42733
42734
42740
42767
42768
42769
42770
42792
42801
42805
42806
42807
42808
42849
42873
42875
42878
42879
42880
42881
42891
42912
42914
42929
42942
42948
42954
42957
42967
42972
42976
42977
42980
42986
42999
43000
43002
43003
43006
43017
43020
43023
43025
43027
43029
43030
43045
43056
43063
43069
43071
43080
43083
43085
43087
43097
43108
43110
43111
43122
43140
43147
43150
43164
43165
43169
43170
43174
43178
43187
43188
43193
43194
43202
43203
43214
43219
43220
43227
43231
43242
43244
43257
43262
43264
43265
43266
43269
43270
43273
43276
43277
43278
43280
43281
43283
43284
43294
43300
43302
43305
43311
43312
43316
43323
43324
43338
43340
43343
43353
43368
43370
43379
43386
43387
43395
43410
43416
43422
43423
43425
43427
43431
43432
43434
43435
43443
43450
43451
43452
43468
43485
43494
43499
43502
43503
43504
43505
43506
43507
43509
43522
43534
43535
43536
43542
43544
43546
43548
43583
43584
43593
43597
43600
43601
43603
43604
43622
43623
43629
43633
43637
43638
43641
43642
43643
43645
43646
43650
43663
43670
43674
43690
43693
43695
43696
43714
43717
43720
43727
43735
43737
43742
43743
43747
43748
43750
43751
43757
43758
43759
43760
43765
43769
43770
43773
43777
43779
43781
43783
43803
43808
43824
43831
43839
43863
43868
43870
43872
43873
43876
43877
43892
43894
43896
43903
43906
43909
43912
43915
43928
43929
43930
43943
43948
43952
43953
43963
44100
44118
44138
44216
44255
44262
44301
44305
44312
44333
44356
44450
44451
44474
44500
44503
44544
44546
44592
44641
44643
44644
44649
44655
44695
44706
44722
44724
44729
44731
44746
44750
44781
44796
44797
44800
44812
44814
44821
44839
44858
44874
44900
44903
44909
44911
44912
44913
44914
44920
44935
44943
44944
44966
44967
44975
44976
44977
44981
44983
44984
44987
44991
45005
45012
45013
45014
45015
45019
45020
45033
45035
45036
45040
45041
45043
45044
45048
45055
45057
45059
45077
45089
45097
45100
45104
45110
45127
45128
45142
45143
45144
45155
45176
45183
45185
45192
45207
45215
45229
45232
45235
45236
45237
45239
45241
45300
45314
45317
45324
45325
45333
45337
45338
45349
45358
45378
45380
45382
45391
45408
45412
45440
45441
45442
45444
45481
45505
45507
45508
45509
45517
45519
45520
45540
45553
45560
45567
45580
45603
45609
45610
45613
45624
45629
45634
45652
45653
45683
45690
45701
45706
45709
45722
45726
45743
45757
45764
45765
45770
45772
45773
45779
45784
45790
45798
45803
45808
45815
45823
45828
45830
45852
45856
45864
45874
4589
45902
45903
45904
45974
45979
45981
45988
45990
46017
46020
46033
46048
4605
4649
4650
4665
4667
4673
4674
4675
4677
4679
4681
4684
4685
4689
4693
4696
48436
5045
5112
51369
5173
51797
51799
51802
51805
51987
52364
52365
52367
52445
52683
52684
52688
52696
52699
52717
52756
53101
5334
5342
5344
5345
5349
5353
5355
5358
5359
5371
5372
5389
5390
5393
5404
5410
5451
5458
5488
5491
5502
55932
55975
5605
5606
56130
56554
5664
56665
5676
5695
5728
5729
57527
57530
57542
57543
5762
5764
57869
57880
57889
58069
58642
58678
58905
5891
58928
5893
5900
59020
59023
59024
5906
59086
59410
59718
59719
59725
59756
59760
59761
60006
60007
60039
60040
60108
60130
6016
6026
6042
6055
60782
6094
61014
6104
61234
6156
6184
6195
6215
6300
6302
63279
6449
64721
6486
6488
6490
6491
6496
6497
6500
6502
6580
6664
6666
6668
667
6670
6671
6676
6677
6678
6688
6689
6690
6692
6696
6697
6698
6704
6705
6707
6711
6712
6720
6723
6725
673
674
676
67717
680
681
684
6855
686
68659
68726
6878
688
691
6921
69390
6960
6964
69642
6977
698
699
70076
70081
70086
70087
70088
70202
703
70302
70310
704
70451
70452
70453
70481
70496
70504
70553
706
707
7071
70790
708
70805
70811
710
71151
71155
71226
71236
71430
715
716
71866
71910
71931
71972
72001
72024
72056
72126
72137
72139
72151
72168
72179
72186
72195
72201
72293
72331
72345
72355
72444
72445
728
72981
72992
73021
73056
73060
73065
73073
73075
73090
73099
73101
73102
73103
73104
73105
73106
73107
73108
73109
73110
73111
73112
73113
73114
73117
73118
73122
73126
73128
73129
73130
73131
73132
73134
73139
73144
73145
73150
73151
73154
73169
73170
73171
73176
73186
73194
73196
73197
732
73212
73214
73219
73227
73228
73229
73232
73249
73441
73442
73451
73454
73484
73485
73490
73493
73495
73498
73503
73504
73506
73510
73525
73536
73542
73543
73546
73547
73552
73554
73561
73580
73581
73586
73590
73722
73725
73727
73741
73742
73745
73747
73752
73756
73783
73789
73798
73801
73802
73806
73814
73815
73872
73876
73880
73887
73904
73907
73921
73931
73945
73956
73966
73970
73972
73989
73993
73996
740
74001
74016
74017
74018
74019
74025
74031
74032
74038
74040
74042
74044
74047
74051
74052
74071
74075
74093
741
74104
74106
74115
74127
74128
74132
74142
74149
74151
74154
74155
74156
74161
74164
74174
74175
74187
74190
74192
74194
74195
74196
74201
74212
74213
74216
74227
74229
74236
74239
74240
74241
74242
74258
74261
74270
74279
74283
74285
74287
74296
74302
74310
74327
74342
74343
74346
74347
74348
74349
74350
74352
74355
74356
74369
74383
74390
74403
74411
74414
74415
74421
74431
74432
74436
74447
74450
74462
74463
74466
74471
74478
74480
74486
74490
74506
74508
74526
74528
74539
74549
74550
74555
74580
74582
74587
74592
74593
74597
74606
74610
74612
74615
74627
74629
74639
74643
74646
74679
74686
74688
74690
74697
74700
74701
74702
74717
74726
74728
74735
74741
74745
74749
74750
74754
74757
74759
74760
74768
74772
74778
74779
74788
74790
74809
74818
74827
74843
74865
74867
74870
74871
74873
74874
74881
74883
74887
74888
74890
74891
74892
74894
74902
74906
74909
74920
74930
74952
74960
74961
74963
74964
74965
74966
74968
74969
74976
74978
74979
74982
74986
74990
74995
75033
75035
75037
75039
75040
75041
75045
75047
75052
75057
75078
75179
75185
75206
75207
75209
75210
75212
75213
75214
75215
75216
75217
75218
75231
75232
75239
75241
75245
75257
75269
75270
75272
75278
75289
75290
75303
75305
75308
75319
75321
75324
75327
75328
75329
75335
75336
75338
7541
75426
7543
75438
75439
75440
75443
75445
75447
75458
75462
75463
75464
75466
75468
75469
75472
75476
75477
75493
75497
75507
75511
75518
75519
75526
75527
75529
75532
75540
75600
75624
75626
75627
75628
75631
75633
75636
75639
75649
75652
75658
75659
75675
75678
75683
75685
75688
75689
75700
75708
75717
75718
75723
75724
75728
75786
75787
75809
75813
75815
75816
75817
75834
75868
75870
75871
75872
75873
75876
75895
75901
75910
75915
75932
75934
75940
75941
75942
75943
75946
75950
75951
75952
75954
75957
76299
76414
76415
76416
76420
76429
76436
76440
76446
76452
76456
76459
7646
76460
76465
76467
76499
76500
76511
76533
76541
76542
76545
76551
76553
76554
76556
76557
76559
76560
76561
76562
76563
76565
76590
76605
76613
76617
76619
76626
76627
76630
7677
7678
76784
76794
76798
76800
76801
76831
76843
76844
76848
76849
76852
76853
76855
76860
76862
76868
76873
76878
76880
76881
76882
76884
76896
76900
76905
76917
76991
77048
77049
77098
77161
77163
77176
77177
77178
77181
77183
77198
77199
772
77202
77203
77205
77207
77213
77214
77216
77225
77226
77234
77235
77241
77243
77245
77246
77249
77250
77255
77262
77264
77265
77291
77295
77298
77300
77316
77320
77321
77324
77325
77332
77343
77362
77367
77375
77377
77385
77386
77387
77425
77432
77439
77440
77445
77446
77456
77466
77491
77500
77506
77508
77509
77510
77556
77561
77659
77939
77940
77943
77944
77945
77946
77949
77951
77953
77955
77977
77987
77988
77993
77996
78002
78004
78023
78078
78079
78085
78089
78092
78101
78103
78106
78108
78110
78111
78114
78116
78121
78122
78134
78143
78149
78150
78157
78165
78167
78170
78174
78175
78176
78177
78178
78180
78183
78184
78185
78192
78193
78196
78226
78227
78229
78231
78239
78240
78241
78246
78247
78253
78270
78271
78272
78273
78282
78286
78287
78291
78293
78296
78311
78320
78327
78360
78369
78372
78382
78383
7839
78399
78403
78405
78410
78422
78429
78435
78436
78438
78507
78516
78518
78530
78531
78532
78540
78543
78555
78558
78560
78561
78562
78563
78565
78570
78573
78577
78579
78580
78582
78583
78591
78592
78598
78599
78602
78603
78610
78611
78624
78625
78674
78678
78686
78693
78694
78696
78697
78703
78708
78712
78713
78716
78721
78722
78723
78730
78732
78736
78745
78749
78766
78816
78818
78819
78826
78832
78833
78834
78836
78839
78840
78841
78842
78844
78845
78848
78849
78851
78855
78859
78860
78861
78865
78868
78872
78875
78876
78877
78878
78879
78886
78887
78895
78897
789
78903
78909
78919
78925
78926
78927
78945
78947
78955
78970
78972
78982
79000
79005
79006
79007
79008
79010
79019
79020
79021
79030
79031
79032
79035
79049
79085
79091
79092
79121
79126
79127
79130
79131
79141
79147
79160
79163
79168
79178
79197
79200
79204
79208
79226
79228
79263
79272
79273
79275
79276
79285
79291
79293
79296
79299
79308
79309
79310
79311
79313
79315
79316
79317
79318
79323
79324
79325
79326
79327
79328
79329
79339
79341
79342
79343
79344
79353
79361
79362
79363
79419
79420
79422
79440
79443
79444
79447
79454
79456
79459
79467
79485
79486
79501
79504
79509
79542
79543
79549
79561
79562
79565
79566
79569
79602
79606
79611
79613
79616
79617
79620
79623
79624
79625
79628
79632
79640
79647
79669
79683
79689
79698
79699
79704
79721
79732
79733
79739
79747
79793
79801
79805
79813
79814
79815
79821
79850
79875
79881
79886
79887
79888
79889
79923
79933
79934
79935
79936
79940
79941
79943
79944
79950
79953
79954
79955
79956
79958
79961
79962
79963
79964
79965
79967
79969
79972
79973
79975
79977
79979
79980
79982
79983
79992
79996
80005
80021
80022
80025
80027
80032
80034
80057
80060
80063
80066
80074
80076
80089
80094
80101
80106
80107
80109
80111
80127
80136
80138
80141
80142
80143
80145
80147
80148
80151
80152
80153
80155
80156
80157
80158
80160
80162
80163
80164
80165
80168
80169
80173
80174
80175
80176
80177
80178
80179
80180
80181
80183
80185
80186
80188
80189
80190
80191
80192
80193
80195
80197
80198
80199
80201
80202
80203
80205
80206
80207
80208
80210
80212
80213
80214
80215
80217
80218
80220
80221
80222
80225
80229
80230
80231
80233
80234
80235
80236
80237
80238
80239
80240
80242
80245
80246
80247
80248
80250
80251
80259
80268
80301
80307
80308
80310
80313
80316
80320
80321
80326
80348
80351
80367
80368
80371
80381
80383
80394
80407
80411
80416
80417
80430
80431
80440
80444
80445
80446
80449
80450
80452
80453
80454
80455
80456
80457
80458
80459
80460
80461
80464
80466
80469
80470
80472
80473
80474
80476
80477
80478
80479
80481
80483
80484
80485
80487
80488
80489
80491
80492
80493
80494
80495
80497
80498
80500
80501
80502
80503
80505
80506
80507
80509
80510
80511
80514
80515
80516
80517
80519
80520
80524
80525
80527
80528
80532
80533
80535
80536
80537
80538
80539
80540
80541
80543
80546
80548
80549
80550
80551
80552
80553
80554
80555
80556
80558
80559
80560
80561
80562
80564
80566
80568
80570
80571
80574
80578
80579
80581
80584
80586
80587
80591
80594
80595
80596
80603
80605
80607
80610
80616
80617
80624
80631
80633
80637
80638
80639
80640
80641
80642
80644
80645
80646
80647
80648
80649
80650
80651
80652
80653
80654
80655
80656
80657
80658
80659
80660
80662
80663
80664
80666
80667
80668
80669
80671
80673
80674
80676
80677
80678
80680
80682
80683
80684
80685
80687
80688
80689
80690
80693
80694
80696
80697
80698
80700
80701
80702
80703
80704
80706
80707
80708
80710
80711
80712
80714
80715
80716
80718
80719
80721
80722
80723
80724
80725
80727
80729
80732
80733
80734
80736
80739
80741
80742
80743
80746
80748
80749
80751
80754
80755
80756
80757
80758
80762
80764
80765
80766
80768
80769
80770
80771
80772
80773
80774
80775
80777
80778
80779
80780
80782
80784
80785
80786
80787
80788
80789
80790
80791
80792
80795
80796
80798
80799
80801
80802
80804
80805
80806
80807
80808
80809
80811
80812
80813
80814
80815
80816
80817
80819
80821
80822
80824
80826
80828
80829
80830
80831
80835
80836
80837
80838
80840
80842
80843
80844
80845
80847
80848
80850
80851
80852
80853
80855
80856
80859
80860
80861
80862
80863
80864
80865
80867
80868
80871
80872
80873
80874
80876
80877
80878
80880
80881
80883
80884
80886
80888
80890
80891
80892
80894
80895
80896
80897
80898
80899
80900
80901
80903
80904
80905
80906
80917
80924
80928
80932
80934
80935
80937
80938
80939
80940
80943
80945
80947
80948
80949
80951
80952
80953
80955
80970
80973
80975
80978
80982
80984
80985
80987
80988
80990
80992
80999
81001
81006
81007
81008
81009
81026
81027
81038
81039
81042
81043
81044
81058
81070
81076
81090
81091
81238
81248
81249
81254
81257
81259
81260
81266
81272
81273
81274
81276
81277
81280
81295
81296
81297
81298
81305
81316
81317
81319
81320
81322
81330
81340
81341
81342
81350
81355
81360
81364
81365
81366
81370
81374
81381
81390
81398
81418
81422
81432
81437
81446
81450
81458
81468
81472
81476
81478
81482
81502
81505
81510
81518
81522
81524
81534
81627
82201
82207
82303
82308
82327
82329
82332
82337
82341
82357
82361
82371
82375
82376
82377
82382
82383
82384
829
83046
83064
83092
83108
83129
83168
83169
832
83226
83228
83238
83255
83256
83260
83269
83270
83272
83288
836
837
838
83887
83917
83923
83974
83985
84016
84038
84049
84051
84052
84063
84070
84071
843
845
846
84625
84666
84681
84736
84785
84797
84809
84812
84817
84818
84819
84820
84828
849
84975
85423
85444
85491
85528
85540
85557
85558
85559
85563
85565
861
86127
86148
86156
86164
86178
86180
86196
86219
86228
86242
86245
86250
86296
86303
86304
86308
86309
86310
86314
86316
86321
86323
86328
86891
86935
86942
86970
87037
87051
87066
87076
8708
87082
87083
87089
87090
87091
87696
87699
87711
87712
87735
87764
87802
87821
87823
87824
87831
87833
87834
87836
87843
88403
88412
88441
88458
88479
88489
88503
88505
88997
88998
89029
89172
89181
89684
89850
89856
89859
89861
90379
90381
90389
90391
90436
90501
90507
90518
90523
90526
90528
90532
91017
91068
91089
91111
91167
91174
91176
91379
915
91697
917
91704
91749
91790
91797
91804
91819
919
920
92042
921
92251
92253
92328
92329
92378
92383
92386
92387
92397
92400
927
928
92895
92936
92943
92982
931
932
933
93498
935
93610
93616
93617
93618
93626
93757
938
939
941
94136
94157
94161
94167
94170
94172
94184
94186
94188
94632
94668
94683
94748
94779
95170
95247
95264
95324
95342
95363
95381
95384
954
95755
95832
95835
95897
95911
95923
95932
96408
96471
96500
96516
96520
967
969
96928
96929
97004
97017
97026
97027
971
972
973
974
97460
975
97515
97519
97528
97529
97536
976
977
978
979
97947
980
98033
98047
98048
98053
98163
982
983
984
98464
98494
98499
98535
98547
98552
988
99050
99058
99064
99208
99461
99482
99507
99523
99556
996
998
99881
99947
99949
99954
99989
RESOURCE
0
100003
100028
100031
100037
100038
100039
1001
1003
100413
100436
100473
100474
100475
100497
100508
100511
100514
100515
100614
1007
1008
100821
100886
100917
100929
100935
100946
100948
100968
100970
100973
100976
101294
101333
101349
101364
101385
101394
1014
101407
101414
1016
1017
101782
101783
101813
101818
101844
101852
101856
101857
1019
101917
101949
1020
102156
102180
102187
1022
102220
102228
102253
102270
102288
102289
1023
102304
102305
1024
1025
102619
102622
102625
102630
102652
102654
102694
102695
102696
102699
102700
102701
102702
1028
1029
103037
103045
103048
103080
103116
103120
1032
103239
103401
103427
103444
103456
103462
103486
103511
103515
103530
103534
103830
103845
103867
103889
103890
103899
103910
103919
103927
103928
103940
103944
1041
104250
104252
104259
104273
104287
104307
104315
104316
104322
104323
104599
104618
104640
104667
104668
104679
104687
104693
104698
104699
104958
104961
105006
105019
105046
105057
105062
105073
105075
105080
105365
105382
105470
105471
105472
105478
105479
105487
105753
105765
105766
105770
105792
105803
105808
106140
106148
106164
106192
106194
1062
106203
106205
106306
106451
106492
106541
106542
106545
106550
106554
106563
106564
106581
106584
106798
106836
106868
106873
106966
107181
107182
107191
107200
107218
107221
107222
107223
107224
107225
107226
107228
107503
107522
107554
107623
107802
107867
107890
107892
107901
107906
107908
107982
107985
108115
108171
108208
108216
108223
108224
108235
108237
108266
108492
108494
108526
108566
108817
108818
109084
109145
109177
109182
109183
1093
109365
109400
109402
109442
109464
109469
109477
109478
1095
109545
109716
109735
109741
109744
109753
109768
109770
1098
109972
110019
110042
110048
110051
110056
110057
110101
110112
110235
110276
110281
110302
110325
110326
110329
110357
1105
110564
110567
110602
110614
110823
110845
110846
110847
110866
110897
1109
111089
111090
111102
111123
111141
111332
111351
111389
111394
111445
1115
111578
111588
111589
111590
111621
111637
111647
111652
111653
111655
111705
111709
111853
111869
111884
111896
111911
111912
111915
112080
112098
112123
112126
112127
112129
112130
112330
112338
112360
112374
112384
112391
112392
112552
112574
112577
112579
112581
112600
112615
112627
112630
112631
112669
112805
112828
112842
112848
112855
112856
112874
113037
113041
113091
113247
113262
113266
113325
113533
113535
113572
113672
113700
113724
113725
113726
113728
113904
113907
113912
113914
113949
114042
114049
114069
114077
114099
1141
114108
114217
114226
114235
114236
114261
114263
114267
114272
114274
114434
114445
114477
114478
114621
114633
114654
114810
114819
114821
114822
114823
114826
114862
114963
115010
115013
115057
1151
115131
115183
115187
115192
115199
115313
115327
115352
115355
115357
115394
115477
115529
115774
115809
115831
115928
115930
115951
115958
115959
115961
115980
115981
116075
116108
116109
116127
116214
116215
116246
116247
116256
116273
116275
116279
116407
116517
116525
116526
116606
116607
116614
116628
116629
116729
116739
116753
116761
116762
116764
116864
116876
116988
117070
117088
117151
117166
117182
117188
117196
117221
117278
117291
117309
117382
117498
117523
117579
117594
117629
117631
117671
117697
117708
117751
117763
117777
117787
117788
117792
117805
117856
117865
1250
1277
1281
1287
136
138
13878
14354
14570
1465
14662
14665
14666
14725
14818
14831
14845
14846
14848
14849
14852
14854
14858
14893
14896
14897
14899
1490
14900
14904
14910
14911
14912
14914
14924
14925
14929
14930
14931
14932
14936
14937
14939
1494
14947
14950
14953
14955
14956
14960
14997
14998
14999
15004
15007
15013
15018
15019
15020
15022
15023
15024
15025
15030
15031
15057
15059
15063
15064
1529
153
15342
15352
15356
15357
15358
15360
15361
15364
15365
15368
15369
15657
15658
15659
15660
15662
15665
15668
15671
15672
15673
15675
15677
15678
15679
15680
15697
15698
15699
15700
15701
15702
15703
15704
15705
15706
15708
15710
15714
15715
15716
15720
15723
15727
15728
15730
15732
15736
15739
15740
15747
15778
15796
15797
15798
15803
15805
15806
1581
15814
15815
15818
15864
15868
15874
15884
15907
15908
15910
15911
15913
15915
15917
15922
15927
15929
15933
15935
15938
16000
16003
16004
16008
16009
16013
16018
16021
16022
16023
16030
16031
16032
16033
16034
16036
16037
16038
16039
16041
16064
16070
16071
16072
16073
16074
16077
16078
16082
16084
16086
16088
16089
16116
16143
16145
16153
16161
16162
16164
16166
16171
16172
16173
16174
16175
16176
16184
16191
16192
16199
16200
16201
16202
16205
16212
16213
16214
16218
16219
16220
16229
16232
16235
16236
16241
16251
16260
16264
16265
16271
16272
16276
16281
16282
16293
16294
16297
16298
16301
16306
16309
16319
16320
16321
16329
16332
16333
16337
16340
16342
16343
16345
16347
16349
16351
16354
16358
16370
16373
16376
16387
16389
16411
16416
16421
16430
16431
16433
16434
16437
16439
16442
16443
16449
16459
16461
16464
16472
16476
16482
16486
16488
16491
16495
16496
16503
16510
16512
16516
16524
16528
16530
16563
16570
16580
16591
16606
16612
16613
16617
16619
16624
16630
16631
16633
16636
16639
16742
16760
16764
16767
16768
16773
16775
16780
16783
16790
16794
16798
16801
16826
16834
16923
16931
16933
16985
16987
16988
16989
16997
17079
17083
17087
17092
17098
17101
17171
17181
17182
17183
17226
17249
17278
17292
17296
17302
17308
1732
17761
17764
17767
17769
17777
17782
17791
17794
17795
17798
17802
17805
17811
17813
17814
17825
17836
17847
17849
1805
18058
18063
18066
18072
18221
18226
18227
18228
18229
18231
18235
18243
18254
18255
18256
18257
18264
18267
18270
18275
18277
18278
18290
18293
18295
18299
18300
18306
18313
18314
18320
18332
18333
18339
1834
18355
18357
18373
18378
18380
18381
18382
18390
18394
18396
18399
18400
18404
18405
18407
18411
18413
18418
18462
18463
18467
18473
18475
18519
18523
18524
18552
18589
18591
18605
18611
18632
18640
18688
18897
18913
189629
19272
19283
19284
19292
19295
19303
19310
19312
1937
19399
19481
19484
19625
19629
19650
19663
19666
19678
1969
19708
19712
19713
19720
19721
19722
19723
19729
19730
19731
19733
19735
19741
19744
19747
19749
19751
19752
19753
19755
19756
19757
19764
19768
19775
19797
19802
19810
19815
19816
19817
19820
19821
19823
19825
19835
19842
19843
19850
199
19942
19944
19945
19946
19947
19949
19962
19964
19965
19975
19977
19980
19981
19982
19989
19998
20079
20082
20097
20101
20115
20116
20178
20189
20196
20202
20204
20207
20208
20218
20220
20222
20226
20231
20252
20268
20270
20271
20272
20273
20274
20275
20276
20277
20279
20280
20281
20283
20284
20285
20286
20287
20289
20290
20291
20292
20293
20294
20296
20297
20298
20299
203
20303
20305
20308
20309
20312
20319
20323
20330
20331
20332
20333
20335
20338
20342
20343
20344
20346
20347
20348
20349
20351
20356
20364
20396
20483
20487
20666
20701
20724
20731
20732
20733
20735
20737
20738
20739
20740
20741
20742
20743
20744
20745
20747
20755
20777
20788
20793
20798
20801
20803
20807
20816
20817
20842
20883
20895
20897
21052
21305
21307
21372
21373
21374
21376
21377
21382
21386
21390
21396
21398
21400
21402
21405
21414
21415
21416
21424
21428
21432
21443
21444
21445
21446
21447
21448
21451
21457
216
21668
21703
21705
21710
21711
21718
21719
21732
21738
21741
21743
21744
21746
21750
21751
21760
21761
21801
21811
21826
21898
21906
21910
21914
21915
22271
22275
22278
22281
22282
22286
22313
22318
22319
22328
22329
22333
22343
2235
22390
22391
22394
22402
22419
22423
22425
22429
22430
22471
22476
22480
22481
22482
22484
2252
22563
22569
22574
22598
22611
22634
22643
22662
22671
22672
22676
22678
22679
22680
22682
22863
22947
22954
22955
22956
2298
23086
23089
23090
23094
23096
23127
23131
23139
23140
23146
23147
23148
23150
23151
23152
23164
23166
23172
23174
23176
23179
23181
23187
23194
23205
23207
23242
233
23320
23356
23394
23395
234049
2341
2342
23453
23459
23460
23461
23463
23465
23487
23489
23494
23496
23497
23498
23499
23503
23504
23511
23528
23537
23547
23548
23553
23567
23568
23569
23571
237
23701
23702
23721
23722
23728
23729
23730
23732
23733
23734
23735
23736
23737
23738
23740
23745
2375
2377
23776
23799
23802
23815
23820
23835
23838
23842
23843
23861
23862
23867
23875
23879
23884
23885
23921
23942
23960
23961
23964
23965
23966
23968
23969
23970
23971
23972
23973
23974
23976
23977
23978
23979
23980
23981
23982
23983
23985
23986
23987
23988
23990
23994
23995
24014
24015
24016
24049
2408
24884
24885
24887
24889
24890
24895
24896
24902
24912
25042
25045
25057
25059
25069
25071
25092
25094
25095
25097
25098
25103
25119
25139
25140
25186
25192
25203
25204
25209
25210
25212
25213
25214
25215
25217
25225
25227
25231
25235
25236
25238
25240
25241
25265
25266
25267
25268
25269
25270
25272
25273
25274
25277
25278
25279
25280
25281
25282
25283
25284
25285
25287
25304
25305
25312
25313
25314
25320
25322
25326
25328
25330
25339
25364
25393
25406
25407
25416
25442
25502
25513
25536
25539
25540
25541
25546
25548
25549
25552
25553
25554
25559
25560
25561
25562
25565
25568
25569
25570
25572
25573
25589
256
25623
25624
25625
25626
25627
25628
25638
25643
25665
25667
25672
25673
25677
25681
25682
25694
25695
25696
25701
25703
25705
25725
25726
25729
25730
25731
25732
25733
25734
25736
25737
25738
25739
25740
25741
25742
25743
25744
25747
25748
25749
25751
25752
25753
25756
25787
25788
25796
25803
25805
25811
25812
25814
25816
25817
25819
25827
25829
25830
25831
25857
25858
25862
25865
25874
25877
25882
25883
25885
25886
25890
25894
25898
25899
25951
25958
25959
25960
25964
25965
25969
25975
25985
25988
25989
25990
25991
25993
2609
26313
26322
26323
26327
26328
26346
26356
26360
26370
26380
26381
26382
26386
26387
26389
26390
26391
26395
26396
26398
26399
26402
26403
26407
26410
26411
26417
26419
2642
26429
26430
26431
26432
26435
26436
26437
2651
26784
26790
26791
26798
26800
26804
26805
26808
26809
26816
26820
26821
26822
26825
26826
26831
26834
26835
26841
26898
26900
26913
26915
26917
26918
26924
26926
26929
26938
26944
26948
26953
26954
26955
26956
26971
26972
26980
26981
26982
26985
26986
27010
27029
27082
27122
27124
27133
27140
27144
27158
27159
27161
27177
27178
27179
27180
27188
27207
27230
27234
27245
27246
27258
27262
27264
27267
27268
27269
27284
27287
27291
27292
27295
27297
27298
27299
27300
27301
27306
27308
27309
27314
27317
27320
27323
27341
27348
27354
27356
27396
27400
27401
27403
27404
27405
27406
27407
27411
27412
27416
27583
27589
27614
27618
27623
27652
27662
27665
27670
27689
27690
27692
27697
27698
27699
27714
27719
27722
27723
27724
27727
27728
27729
27730
27732
27736
27750
27752
27755
27774
27777
27779
27780
27785
27786
27796
27797
27798
27800
27801
27802
27804
27825
27826
27829
27831
27837
278393
27840
27844
27876
2788
27880
2789
27894
27896
2790
27901
27902
27903
27904
27907
27933
27934
27935
27944
27962
27970
27975
27983
27984
27985
27986
27988
2801
28063
28069
28073
28074
28082
28083
28085
2809
28096
28105
28109
28111
28112
28114
28117
28124
28149
2824
28294
28306
28307
28310
28315
28322
28325
28327
28340
28342
28343
28344
28351
28352
28354
28360
28361
28362
28370
28372
28375
28377
28383
28403
28407
28416
28418
28419
28426
28441
28455
28472
28478
28479
28486
28490
28493
28494
28495
28504
28507
28508
28510
28515
28516
28517
28528
28532
28534
28535
28544
28546
28549
28550
28551
28552
28561
28562
28564
28566
28568
28569
28572
28574
28579
28581
28586
28591
28596
28598
28621
28622
28626
28633
28634
28635
28660
28787
28793
28794
28796
28804
28807
28809
28813
28817
28818
28821
28823
28834
28837
28841
28842
28850
28852
28853
28854
28855
28856
28864
28865
28866
28867
28877
28884
28889
28893
28895
28896
28897
28899
28901
28902
28930
28931
28934
28936
28941
28943
29003
29015
29021
29024
29025
29042
29050
29058
29071
29072
29076
29082
29084
29092
29093
29094
29095
29098
29100
29108
29113
29116
29117
29118
29119
29122
29123
29136
2925
29260
29262
29265
29269
29272
29273
29275
29288
29289
29291
29294
29295
29302
29303
29304
29570
29619
29621
29634
29663
29665
29674
29688
29693
29695
29697
29708
29710
29771
29907
29918
29922
29926
29929
29930
2994
29945
29947
29949
29951
29954
29955
29956
2997
3003
302049
30326
30356
30361
30364
30378
3049
3052
30539
30558
30560
30561
30562
30564
30565
30566
3057
30570
30573
30574
3058
30582
30583
30584
3059
30612
30618
30627
30628
30629
30630
30636
3066
3069
30829
30830
30833
30834
30835
30836
30837
30839
30840
30841
30842
30844
30845
30846
30847
30848
30849
30851
30853
30854
30858
30864
30865
30867
30868
30878
30879
30881
30886
30890
30906
30911
30916
30918
30926
30932
30936
30952
30996
30997
30999
31005
31007
31008
31009
31010
31013
31015
31020
31025
31041
31044
31045
31167
31181
31183
31193
311937
311938
311951
311954
31198
31200
31201
31202
312028
31203
312036
312039
31204
312046
31205
312081
312088
312089
312103
312116
312121
312122
312129
312130
312131
312132
312136
312139
312140
312152
312153
31219
3122
31220
31221
31222
31223
31224
31225
31226
31228
31232
31234
3124
31246
31247
3125
3127
3129
31299
3130
31346
31347
31349
31352
31369
31373
31374
31401
31402
31405
31408
31409
31411
31437
31441
31449
31450
31461
31468
31475
31492
31504
31505
31599
31603
31604
31605
31606
31613
31614
31615
31616
31633
31639
31640
31641
31642
31652
31654
31661
31662
31670
31671
31672
31674
31676
31684
31686
31687
31689
31693
31694
31700
31702
31713
31714
31728
31732
31736
31738
31740
31746
31748
31760
31761
31823
31825
31826
31829
31834
31835
31839
31842
31852
31853
31854
31858
31859
31860
31865
31906
31907
31913
31917
31918
31919
31920
31921
31922
31925
31927
31929
31931
31936
31939
31942
31945
31960
31969
31974
31976
31983
31987
31989
31990
31992
31993
31994
31995
31996
31999
32006
32009
32010
32029
32030
32032
32064
32065
32066
32086
32087
32092
32093
32094
32109
32112
32114
32141
32145
32147
32156
32174
32222
32223
32224
32231
32234
32236
32243
32264
32269
32270
32283
32292
32299
32303
32304
32305
32306
32307
32308
32310
32377
32378
32379
32385
32395
32398
32399
32401
32402
32410
32411
32419
32423
32424
32456
32474
32529
32541
32542
32568
32573
32580
32586
32588
32589
32620
32621
32622
32623
3263
32630
32634
32637
3264
32640
32642
32985
32986
32987
32993
32997
33001
33002
33012
33031
33032
33033
33035
33038
33039
33040
33054
33058
33060
33061
33062
33063
33064
33079
33080
33095
33102
33111
33115
33117
33118
33119
33120
33125
33129
33140
33141
33142
33146
33147
33148
33149
33150
33151
33152
33153
33154
33155
33156
33161
33166
33169
33173
33175
33176
33189
33193
33194
33206
33209
33212
33217
33222
33223
33229
33230
33231
33232
33233
33234
33235
33236
33237
33238
33239
33240
33241
33243
33245
33247
33248
33249
33253
33255
33261
33273
33283
33287
33321
33322
33323
33324
33326
33329
33339
33340
33341
33352
33354
33362
33411
33423
33590
33592
33616
33618
33619
33620
33626
33631
33632
33642
33878
33886
33895
33896
33934
33935
33937
33978
33980
33983
33986
33987
33988
33989
33993
33996
34005
34012
34019
34025
34026
34037
34038
34039
34056
34057
34059
34060
34061
34063
34072
34073
34074
34075
34076
34080
34091
34095
34099
34102
34105
34108
34109
34114
34121
34130
34133
34138
34145
34147
34148
34150
34156
34160
34165
34173
34174
34176
34182
34186
34195
34197
34206
34207
34208
34209
34210
34211
34213
34214
34215
34216
34218
34220
34223
34225
34226
34230
34232
34236
34247
34248
34249
34257
34260
34265
34269
34277
34287
34292
34293
34294
34295
34297
34299
34300
34302
34303
34305
34310
34311
34313
34314
34318
34327
34331
34333
34345
34346
34347
34364
34365
34396
34422
34423
34425
34426
34429
34430
34431
34432
34433
34434
34435
34436
34442
34449
34451
34463
34464
34475
34480
34483
34498
34500
34502
34503
34516
34518
34521
34522
34523
34524
34525
34527
34528
34529
34530
34531
34532
34534
34535
34536
34542
34548
34549
34550
34558
34562
34569
34572
34575
34576
34577
34579
34580
34581
34582
34583
34584
34586
34587
34591
34592
34599
34613
34615
34620
34628
34632
34633
34634
34635
34637
34642
34645
34646
34647
34648
34651
34687
34688
34689
34690
34695
34700
34701
34714
34716
34718
34730
34735
34736
34741
34748
34751
34752
34763
34764
34769
34780
34782
34795
34797
34798
34799
34800
34801
34802
34803
34808
34810
34817
34832
34847
34848
34861
34863
34865
34867
34869
34870
34871
34882
34884
34886
34887
34895
34899
34902
34904
34905
34906
34912
34920
34921
34923
34924
34950
34954
34958
34963
34964
34966
34973
34974
34982
34983
34984
34985
34986
34987
34988
34989
34990
34991
34993
35000
35002
35004
35005
35012
35014
35015
35016
35017
35021
35027
35040
35041
35042
35043
35044
35045
35046
35048
35050
35051
35055
35066
35067
35068
35133
35134
35137
35141
35151
35152
35175
35183
35185
35186
35188
35190
35196
35197
35199
35200
35201
35208
35209
35210
35237
35238
35239
35248
35261
35265
35267
35270
35275
35278
35279
35290
35296
35297
35298
35303
35320
35326
35330
35332
35343
35345
35347
35356
35374
35376
35381
35394
35395
35398
35401
35407
35417
35423
35424
35429
35444
35451
35455
35466
35469
35493
35494
35498
35499
35502
35507
35508
35511
35520
35524
35525
35526
35528
35529
35531
35532
35533
35539
35540
35625
35626
35627
35632
35634
35636
35643
35644
35645
35647
35648
35649
35652
35654
35655
35659
35683
35684
35708
35716
35720
35722
35733
35751
35752
35754
35768
35788
35790
35791
35792
35793
35794
35815
35818
35819
35824
35828
35846
35851
35864
35865
35867
35869
35872
35874
35885
35886
35896
35897
35899
35901
35903
35908
35914
35916
35919
35921
35924
35925
35926
35929
35930
35932
35938
35940
35952
35955
35965
35966
35968
35969
35970
35971
35972
35973
35988
35990
35991
35994
35996
36001
36002
36005
36014
36020
36021
36023
36031
36036
36049
36050
36074
36090
36103
36106
36109
36112
36114
36124
36135
36152
36154
36162
3617
36173
36174
36176
36177
36179
36180
36182
36185
36187
36207
36208
36213
36222
36237
36240
36241
36250
36252
36267
36272
36280
36281
36285
36291
36296
36301
36303
36306
36311
36321
36326
36332
36337
36338
36339
36340
36348
36350
36360
36367
36376
36386
36392
36410
36422
36424
36429
36463
36470
36472
36476
36477
36480
36488
36489
36498
36500
36505
36507
36511
36544
36551
36562
36568
36569
36570
36571
36573
36574
36575
36577
3658
36602
3661
36610
36613
36620
36623
36626
36629
36635
36636
36646
36658
36674
36685
36686
36701
36714
36724
36725
36731
36735
36746
36752
36761
36772
36783
36789
36816
36820
36822
36826
36828
36858
36871
36885
36887
36888
36889
36891
36892
36894
36895
36898
3690
36900
36902
36905
36906
36913
36916
36917
36918
36919
36923
36926
36927
36954
36957
36959
36961
36963
36965
36966
36967
36971
36975
36976
36992
36997
37004
37007
37008
37009
37011
37012
37018
3704
37089
37094
37095
37096
37100
37103
37115
37118
37119
37124
37125
37131
37137
37138
37139
37143
37144
37145
37151
37153
37155
3716
3719
37221
37222
37230
37235
37255
37260
37326
37328
37335
37337
37338
37339
37348
37350
37352
37362
37378
37383
37384
37392
37397
37410
37415
37426
37427
37435
37439
37445
37446
37448
37449
37450
37451
37456
37457
37459
37462
37464
37470
37548
37551
37552
37557
37558
37562
37567
37571
37572
37575
37576
37601
37610
37611
37620
37622
37623
37624
37630
37631
37639
37651
37653
37672
37697
37709
37732
37734
37737
37739
37749
37763
37769
37774
37778
37781
37785
37789
37793
37798
37804
37806
37807
3789
37942
37943
37951
37969
37971
37972
37973
37978
37981
38
38019
38029
3803
38043
38063
38068
38082
38083
38112
38113
38114
38119
38124
3815
38200
38205
38206
38209
38212
38237
38239
38242
3826
38268
3827
38279
38357
38360
38368
38372
38375
38376
38379
38385
38386
38388
38390
38391
38392
38398
38403
38409
38416
3842
38427
38429
38439
38468
38469
3847
38470
38478
38479
38480
38481
38482
3853
38587
38589
38603
38604
38605
38617
38632
38641
38644
38648
38649
38655
38656
38657
38658
38659
38704
38706
38707
38708
38710
38711
38713
38714
38717
38718
38719
38720
38721
38722
38723
38725
38726
38738
38751
38752
38753
38755
38764
38782
38799
38800
38804
38805
38807
38808
38809
38813
38814
38816
38840
38841
38845
38849
38852
38857
38860
38943
38949
38957
38960
38962
38963
38964
38967
38968
38972
38985
38989
38992
38998
39001
39007
39011
39012
391
39138
39141
39143
39146
39149
39151
39152
39155
39159
39160
39177
39182
39183
39186
39187
39188
39191
39195
39216
39217
39221
39222
39223
39227
39229
39230
39232
39233
39252
39261
39262
39264
39322
39323
39324
39325
39326
39327
39328
39329
39330
39331
39332
39333
39334
39337
39339
39340
39342
39353
39354
39355
39360
39361
39368
39369
39371
39373
39374
39375
39382
39384
39392
39393
39394
39395
39396
39397
39398
39401
39416
39417
39418
39419
39421
39429
39445
39447
39448
39449
39450
39472
39473
39474
39476
39478
39480
39487
39488
39511
39513
39514
39515
39518
39519
39543
39544
39555
39564
39579
39588
39598
39599
39600
39602
39608
39611
39612
39614
39615
39616
39622
39628
39630
39631
39632
39633
39641
39642
39646
39649
39654
39671
39691
39694
39695
39720
39743
39807
39861
39863
39866
39876
39877
39879
39883
39887
39888
39893
39896
39897
39898
39899
39907
39915
39926
39932
39937
39939
39951
39953
39957
39958
39968
39971
39974
39976
39981
39999
40000
40003
40009
40012
40019
40027
40057
40058
40059
40060
40061
40062
40069
40072
40080
40110
40114
40125
40129
40131
40132
40141
40145
40150
40158
40159
40180
40184
40185
40186
40189
40190
40191
40192
40193
40195
40197
40202
40204
40205
40212
40216
40223
40229
40230
40237
40252
40255
40256
40257
40265
40267
40270
40272
40276
40277
40281
40283
40288
40299
40301
40302
40303
40304
40305
40309
40311
40326
40327
40328
40330
40331
40338
40340
40345
40384
40386
40391
40398
40399
40401
40409
40420
40426
40438
40440
40441
40443
40453
40456
40462
40466
40467
40470
40472
40474
40475
40477
40484
40489
40497
40514
40515
40519
40531
40538
40539
40540
40544
40545
40550
40576
40585
40587
40590
40599
40609
40621
40622
40627
40630
40632
40634
40644
40645
40646
40649
40654
40668
40669
40680
40681
40682
40683
40684
40685
40691
40698
40702
40712
40713
40714
40728
40729
40745
40746
40747
40749
40753
40762
40774
40777
40779
40789
40804
40806
40822
40848
40853
40855
40862
40864
40865
40867
40889
40891
40897
40903
40904
40905
40918
40919
40944
40955
40960
40961
40962
40963
40968
40997
41000
41023
41111
41115
41116
41119
41123
41128
41136
41139
41146
41228
41230
41233
41234
41235
41246
41247
41264
41265
41269
41276
41279
41288
41289
41296
41297
41298
41299
41303
41307
41308
41310
41312
41314
41325
41328
41334
41340
41346
41347
41348
41370
41371
41372
41373
41376
41378
41379
41385
41397
41399
41400
41409
41410
41414
41418
41430
41431
41432
41433
41434
41435
41439
41440
41441
41448
41451
41457
41458
41460
41461
41462
41463
41464
41465
41470
41474
41475
41477
41488
41493
41495
41497
41518
41519
41569
41570
41575
41576
41579
41580
41581
41582
41583
41589
41591
41594
41608
41618
41629
41636
41640
41642
41643
41649
41660
41662
41663
41666
41671
41682
41683
41685
41686
41695
41697
41698
41740
41755
41758
41805
41806
41808
41813
41823
41824
41825
41846
41850
41851
41856
41857
41868
41870
41896
41897
41898
41900
41905
41913
41914
41931
41932
41942
41943
41948
41949
41950
41952
41971
41975
41992
42006
42012
42013
42015
42019
42020
42021
42031
42041
42056
42074
42081
42084
42085
42093
42102
42103
42121
42123
42127
42132
42135
42136
42141
42142
42168
42180
42189
42199
42202
42207
42208
42223
42224
42226
42228
42233
42240
42242
42289
42301
42303
42304
42305
42312
42313
42315
42316
42323
42327
42332
42337
42338
42339
42342
42347
42350
42355
42360
42362
42367
42375
42376
42378
42379
42380
42382
42383
42388
42389
42390
42399
42404
42413
42415
42416
42431
42437
42438
42439
42441
42444
42448
42451
42457
42465
42467
42479
42480
42481
42482
42487
42488
42499
42502
42505
42508
42531
42532
42587
42590
42591
42592
42593
42594
42595
42607
42608
42610
42611
42612
42634
42636
42637
42641
42642
42643
42654
42656
42664
42668
42676
42678
42680
42681
42690
42692
42694
42709
42710
42712
42713
42720
42730
42732
42733
42734
42740
42767
42768
42769
42770
42792
42801
42805
42806
42807
42808
42849
42870
42871
42873
42875
42877
42878
42879
42880
42881
42891
42897
42898
42899
42912
42914
42919
42923
42927
42928
42929
42942
42945
42948
42950
42951
42952
42954
42956
42957
42967
42968
42969
42972
42976
42977
42980
42985
42986
42987
42993
42994
42999
43000
43002
43003
43006
43012
43017
43018
43020
43022
43023
43025
43027
43029
43030
43045
43055
43056
43063
43069
43071
43072
43080
43082
43083
43084
43085
43087
43088
43097
43108
43110
43111
43112
43114
43117
43122
43136
43138
43140
43147
43150
43164
43165
43167
43169
43170
43173
43174
43175
43178
43180
43187
43188
43190
43193
43194
43199
43202
43203
43207
43213
43214
43219
43220
43225
43227
43231
43242
43244
43245
43246
43247
43248
43249
43250
43257
43262
43263
43264
43265
43266
43268
43269
43270
43271
43272
43273
43274
43276
43277
43278
43280
43281
43283
43284
43294
43296
43300
43302
43305
43311
43312
43316
43323
43324
43327
43338
43340
43343
43353
43354
43364
43367
43368
43370
43379
43386
43387
43395
43410
43416
43422
43423
43425
43427
43431
43432
43434
43435
43439
43441
43443
43444
43450
43451
43452
43468
43485
43488
43494
43498
43499
43500
43502
43503
43504
43505
43506
43507
43509
43510
43517
43519
43520
43522
43533
43534
43535
43536
43537
43538
43542
43544
43545
43546
43547
43548
43583
43584
43593
43597
43600
43601
43603
43604
43606
43622
43623
43629
43630
43633
43635
43637
43638
43640
43641
43642
43643
43645
43646
43650
43663
43670
43674
43680
43683
43687
43689
43690
43693
43695
43696
43712
43714
43717
43719
43720
43727
43735
43737
43742
43743
43747
43748
43750
43751
43757
43758
43759
43760
43763
43765
43766
43768
43769
43770
43771
43773
43775
43777
43779
43781
43783
43799
43803
43806
43807
43808
43816
43821
43822
43824
43826
43831
43838
43839
43860
43863
43868
43869
43870
43871
43872
43873
43876
43877
43879
43892
43893
43894
43896
43898
43903
43906
43909
43911
43912
43915
43928
43929
43930
43938
43942
43943
43947
43948
43952
43953
43955
43963
44088
44100
44118
44123
44138
44180
44194
44212
44216
44227
44243
44248
44253
44255
44262
44269
44276
44277
44278
44289
44291
44292
44300
44301
44303
44305
44306
44312
44333
44334
44337
44356
44357
44361
44384
44396
44427
44428
44439
44450
44451
44456
44457
44466
44474
44476
44477
44481
44482
44500
44503
44528
44540
44544
44546
44561
44564
44584
44585
44592
44594
44621
44623
44626
44641
44643
44644
44649
44655
44665
44675
44695
44706
44713
44722
44723
44724
44728
44729
44731
44739
44746
44750
44763
44769
44781
44785
44796
44797
44800
44801
44806
44810
44812
44814
44818
44821
44827
44835
44839
44857
44858
44861
44874
44880
44884
44900
44903
44908
44909
44910
44911
44912
44913
44914
44920
44935
44943
44944
44947
44951
44952
44966
44967
44975
44976
44977
44981
44983
44984
44986
44987
44991
45005
45012
45013
45014
45015
45019
45020
45033
45035
45036
45040
45041
45043
45044
45048
45053
45055
45057
45058
45059
45076
45077
45080
45089
45095
45097
45100
45103
45104
45110
45113
45115
45117
45118
45127
45128
45131
45142
45143
45144
45148
45155
45176
45183
45185
45189
45192
45202
45207
45210
45215
45229
45232
45233
45235
45236
45237
45238
45239
45241
45243
45254
45258
45271
45286
45292
45295
45298
45300
45314
45317
45320
45324
45325
45326
45333
45337
45338
45342
45349
45358
45360
45361
45378
45380
45382
45391
45403
45408
45412
45440
45441
45442
45444
45451
45481
45487
45493
45494
45497
45505
45507
45508
45509
45517
45519
45520
45529
45532
45533
45538
45540
45553
45559
45560
45567
45579
45580
45589
45593
45603
45609
45610
45613
45624
45629
45634
45642
45647
45649
45652
45653
45659
45668
45673
45675
45683
45686
45687
45690
45699
45700
45701
45706
45709
45722
45726
45737
45743
45757
45764
45765
45770
45772
45773
45779
45784
45788
45790
45796
45798
45801
45803
45806
45808
45815
45823
45825
45828
45830
45841
45852
45856
45862
45864
45874
45876
4589
45893
45902
45903
45904
45950
45955
45969
45974
45976
45979
45981
45988
45990
46017
46020
46022
46027
4603
46033
46042
46048
4605
4649
4650
4665
4667
4670
4672
4673
4674
4675
4677
4679
4680
4681
4684
4685
4689
4693
4696
48436
5045
5112
51369
5173
51797
51799
51802
51803
51805
51987
52015
52016
52364
52365
52366
52367
52445
52682
52683
52684
52686
52688
52696
52697
52699
52717
52756
53101
5334
5340
5342
5344
5345
5349
5353
5355
5358
5359
5370
5371
5372
5389
5390
5393
5404
5410
54253
5451
5452
5458
5467
5488
5491
5502
55261
5545
55554
5590
55932
55974
55975
5605
5606
56130
56547
56554
56561
56562
56575
5664
56659
56665
5676
56842
5695
5728
5729
57527
57530
57542
57543
57598
5762
5764
5770
57869
57880
57888
57889
58069
58430
58642
58643
58678
58822
58862
58905
5891
58928
5893
5900
59020
59023
59024
59053
5906
59086
59225
59370
59410
59718
59719
59725
59756
59760
59761
59766
59792
59793
60006
60007
60039
60040
6009
60108
60130
6016
6026
6033
6042
6055
6059
60782
6086
6094
61014
6104
61234
6155
6156
6170
6184
6195
6215
6300
6302
63279
6449
64721
6484
6486
6488
6490
6491
6492
6496
6497
6498
6500
6502
6580
6664
6666
6668
667
6670
6671
6673
6676
6677
6678
6680
6682
6684
6688
6689
6690
6692
6696
6697
6698
6704
6705
6707
6711
6712
6719
6720
6723
6725
673
674
676
677
67717
680
681
682
684
6855
686
68659
687
68726
6878
688
691
6912
6914
692
6921
69390
6960
69628
6964
69642
6977
698
699
70076
70079
70081
70086
70087
70088
70105
70111
70200
70202
70299
703
70302
70304
70310
70335
704
70451
70452
70453
70481
70484
70496
70500
70504
70533
70553
706
70633
70634
707
70701
70703
7071
70790
708
70805
70806
70811
710
711
71151
71155
71226
71236
71355
71399
71430
71431
71439
715
716
71866
71882
71887
71910
71931
71936
71939
71940
71972
71986
72001
72024
72043
72048
72051
72055
72056
72112
72126
72137
72139
72143
72145
72151
72168
72178
72179
72186
72188
72191
72195
72201
7227
72293
72303
7232
72320
72331
72338
72345
72355
72444
72445
725
728
72981
72982
72984
72990
72991
72992
72998
73021
73032
73050
73056
73057
73060
73061
73062
73063
73065
73067
73073
73075
73083
73090
73099
73100
73101
73102
73103
73104
73105
73106
73107
73108
73109
73110
73111
73112
73113
73114
73117
73118
73120
73121
73122
73123
73124
73126
73127
73128
73129
73130
73131
73132
73133
73134
73139
73144
73145
73150
73151
73154
73157
73165
73166
73169
73170
73171
73176
73183
73186
73187
73189
73194
73196
73197
732
73212
73214
73218
73219
73220
73227
73228
73229
73232
73249
73254
73259
73441
73442
73446
73451
73452
73454
73456
73461
73468
73472
73484
73485
73490
73493
73494
73495
73496
73498
73502
73503
73504
73505
73506
73507
73508
73510
73525
73534
73535
73536
73542
73543
73546
73547
73552
73553
73554
73561
73562
73575
73580
73581
73582
73586
73590
73722
73725
73727
73741
73742
73745
73747
73752
73753
73755
73756
73783
73786
73787
73789
73793
73798
738
73801
73802
73803
73806
73814
73815
73861
73863
73872
73874
73876
73879
73880
73887
73904
73907
73921
73925
73931
73933
73945
73956
73966
73969
73970
73972
73987
73989
73993
73995
73996
740
74001
74007
74016
74017
74018
74019
74025
74031
74032
74033
74037
74038
74040
74042
74044
74047
74051
74052
74071
74075
74089
74093
74096
74099
741
74101
74102
74103
74104
74106
74115
74127
74128
74132
74142
74149
74151
74152
74154
74155
74156
74161
74163
74164
74166
74170
74174
74175
74181
74187
74189
74190
74192
74194
74195
74196
74201
74210
74212
74213
74216
74220
74226
74227
74229
74236
74239
74240
74241
74242
74258
74261
74270
74278
74279
74283
74285
74287
74296
74297
74302
74310
74327
74332
74340
74342
74343
74346
74347
74348
74349
74350
74352
74353
74354
74355
74356
74367
74369
74382
74383
74386
74390
74399
74403
74411
74412
74414
74415
74421
74431
74432
74436
74447
74450
74451
74462
74463
74466
74471
74472
74475
74476
74477
74478
74480
74483
74486
74487
74488
74490
74506
74508
74510
74515
74526
74528
74539
74540
74542
74546
74549
74550
74555
74557
74558
74572
74573
74579
74580
74582
74587
74588
74592
74593
74596
74597
74601
74603
74606
74610
74611
74612
74613
74614
74615
74627
74629
74633
74636
74638
74639
74643
74646
74647
74649
74660
74661
74663
74664
74679
74682
74684
74686
74687
74688
74690
74692
74697
74700
74701
74702
74717
74726
74728
74734
74735
74741
74743
74745
74749
74750
74754
74757
74759
74760
74768
74772
74776
74778
74779
74788
74790
74795
74799
74801
74804
74809
74815
74817
74818
74824
74827
74829
74833
74843
74865
74867
74870
74871
74873
74874
74880
74881
74882
74883
74887
74888
74890
74891
74892
74894
74896
74899
74902
74906
74909
74916
74920
74930
74935
74950
74952
74954
74956
74957
74959
74960
74961
74962
74963
74964
74965
74966
74968
74969
74976
74978
74979
74982
74986
74990
74995
75029
75032
75033
75035
75037
75039
75040
75041
75042
75043
75044
75045
75047
75052
75057
75078
75179
75181
75184
75185
75197
75200
75206
75207
75209
75210
75211
75212
75213
75214
75215
75216
75217
75218
75231
75232
75239
75241
75242
75243
75245
75257
75269
75270
75272
75274
75275
75278
75289
75290
75295
75303
75305
75308
75319
75320
75321
75324
75327
75328
75329
75330
75331
75334
75335
75336
75338
7541
75426
7543
75438
75439
75440
75443
75444
75445
75447
75453
75455
75456
75458
75462
75463
75464
75466
75468
75469
75472
75476
75477
75492
75493
75494
75496
75497
75507
75511
75514
75518
75519
75526
75527
75529
75532
75535
75540
75600
75624
75626
75627
75628
75630
75631
75633
75636
75639
75649
75652
75654
75658
75659
75665
75675
75678
75683
75685
75687
75688
75689
75690
75700
75708
75717
75718
75720
75723
75724
75728
75783
75786
75787
75809
75813
75815
75816
75817
75834
75866
75868
75870
75871
75872
75873
75876
75895
75900
75901
75910
75912
75915
75928
75932
75934
75940
75941
75942
75943
75946
75950
75951
75952
75954
75957
75959
76299
76414
76415
76416
76420
76424
76429
76431
76436
76440
76446
76449
76452
76456
76459
7646
76460
76465
76467
76479
76492
76499
76500
76508
76511
76513
76533
76541
76542
76545
76551
76553
76554
76556
76557
76559
76560
76561
76562
76563
76565
76572
76573
76590
76592
76593
76605
76613
76617
76619
76620
76624
76626
76627
76630
7677
7678
76784
76794
76798
76799
76800
76801
76823
76831
76832
76843
76844
76845
76846
76847
76848
76849
76850
76851
76852
76853
76855
76860
76862
76868
76873
76875
76876
76878
76880
76881
76882
76884
76888
76890
76896
76900
76905
76917
76991
77048
77049
77098
77161
77163
77175
77176
77177
77178
77181
77182
77183
77198
77199
772
77200
77202
77203
77205
77206
77207
77213
77214
77216
77225
77226
77234
77235
77241
77242
77243
77245
77246
77249
77250
77254
77255
77258
77259
77262
77264
77265
77291
77293
77295
77298
77299
77300
77307
77316
77317
77318
77319
77320
77321
77324
77325
77332
77337
77338
77339
77343
77357
77358
77359
77362
77367
77373
77375
77377
77383
77385
77386
77387
77390
77425
77426
77429
77432
77439
77440
77445
77446
77448
77456
77465
77466
77491
77500
77502
77506
77508
77509
77510
77552
77556
77561
77659
77905
77938
77939
77940
77943
77944
77945
77946
77949
77951
77953
77955
77956
77974
77975
77976
77977
77987
77988
77993
77996
77998
77999
78002
78004
78023
78078
78079
78085
78089
78090
78092
78098
78101
78103
78106
78108
78110
78111
78112
78113
78114
78116
78121
78122
78126
78133
78134
78135
78143
78149
78150
78157
78159
78160
78161
78165
78167
78170
78174
78175
78176
78177
78178
78180
78182
78183
78184
78185
78191
78192
78193
78195
78196
78198
78226
78227
78229
78231
78239
78240
78241
78246
78247
78253
78270
78271
78272
78273
78282
78286
78287
78288
78291
78293
78294
78296
78311
78320
78327
78340
78360
78367
78369
78372
78381
78382
78383
7839
78394
78398
78399
78403
78405
78410
78422
78429
78435
78436
78438
78439
78507
78510
78511
78516
78518
78529
78530
78531
78532
78533
78540
78542
78543
78546
78554
78555
78556
78558
78559
78560
78561
78562
78563
78565
78568
78570
78573
78575
78577
78578
78579
78580
78582
78583
78591
78592
78593
78597
78598
78599
78602
78603
78604
78606
78607
78608
78609
78610
78611
78624
78625
78674
78678
78686
78693
78694
78695
78696
78697
78698
78699
78700
78703
78708
78711
78712
78713
78716
78721
78722
78723
78730
78732
78736
78745
78749
78753
78754
78766
78816
78818
78819
78820
78825
78826
78832
78833
78834
78836
78839
78840
78841
78842
78844
78845
78847
78848
78849
78850
78851
78855
78859
78860
78861
78865
78868
78872
78875
78876
78877
78878
78879
78882
78886
78887
78895
78897
789
78903
78907
78909
78919
78925
78926
78927
78940
78945
78947
78949
78955
78963
78966
78970
78971
78972
78978
78982
78986
78999
79000
79005
79006
79007
79008
79010
79014
79019
79020
79021
79030
79031
79032
79035
79047
79049
79053
79055
79058
79067
79068
79069
79085
79090
79091
79092
79121
79126
79127
79130
79131
79141
79147
79151
79154
79160
79163
79167
79168
79178
79197
79200
79204
79206
79208
79216
79226
79228
79263
79272
79273
79275
79276
79279
79285
79291
79293
79295
79296
79297
79299
79308
79309
79310
79311
79313
79315
79316
79317
79318
79319
79323
79324
79325
79326
79327
79328
79329
79339
79340
79341
79342
79343
79344
79345
79346
79353
79360
79361
79362
79363
79378
79386
79411
79412
79413
79415
79416
79419
79420
79422
79439
79440
79442
79443
79444
79447
79453
79454
79456
79457
79458
79459
79463
79467
79468
79485
79486
79487
79493
79495
79500
79501
79504
79509
79541
79542
79543
79549
79552
79553
79561
79562
79565
79566
79569
79584
79585
79602
79606
79610
79611
79613
79615
79616
79617
79620
79623
79624
79625
79627
79628
79632
79639
79640
79647
79652
79655
79660
79669
79683
79689
79693
79694
79698
79699
79704
79709
79711
79712
79713
79720
79721
79722
79728
79732
79733
79735
79739
79740
79747
79768
79771
79774
79783
79785
79787
79792
79793
79800
79801
79804
79805
79813
79814
79815
79821
79823
79845
79850
79851
79855
79875
79881
79885
79886
79887
79888
79889
79894
79922
79923
79924
79926
79927
79933
79934
79935
79936
79940
79941
79943
79944
79945
79946
79948
79949
79950
79951
79953
79954
79955
79956
79958
79959
79961
79962
79963
79964
79965
79966
79967
79969
79972
79973
79974
79975
79976
79977
79978
79979
79980
79981
79982
79983
79992
79994
79996
79999
80005
80021
80022
80024
80025
80027
80028
80032
80034
80042
80053
80057
80060
80061
80063
80066
80074
80076
80078
80085
80089
80093
80094
80095
80101
80106
80107
80109
80111
80125
80127
80131
80133
80136
80137
80138
80139
80141
80142
80143
80144
80145
80147
80148
80149
80150
80151
80152
80153
80154
80155
80156
80157
80158
80160
80162
80163
80164
80165
80166
80167
80168
80169
80170
80172
80173
80174
80175
80176
80177
80178
80179
80180
80181
80182
80183
80185
80186
80188
80189
80190
80191
80192
80193
80195
80197
80198
80199
80201
80202
80203
80205
80206
80207
80208
80210
80211
80212
80213
80214
80215
80217
80218
80219
80220
80221
80222
80223
80224
80225
80228
80229
80230
80231
80232
80233
80234
80235
80236
80237
80238
80239
80240
80242
80245
80246
80247
80248
80250
80251
80252
80253
80259
80263
80266
80268
80271
80299
80301
80305
80307
80308
80310
80312
80313
80316
80320
80321
80326
80327
80348
80351
80365
80367
80368
80371
80380
80381
80383
80394
80407
80410
80411
80416
80417
80420
80424
80430
80431
80435
80440
80443
80444
80445
80446
80448
80449
80450
80452
80453
80454
80455
80456
80457
80458
80459
80460
80461
80462
80464
80465
80466
80467
80468
80469
80470
80472
80473
80474
80476
80477
80478
80479
80480
80481
80482
80483
80484
80485
80487
80488
80489
80491
80492
80493
80494
80495
80496
80497
80498
80500
80501
80502
80503
80504
80505
80506
80507
80509
80510
80511
80513
80514
80515
80516
80517
80518
80519
80520
80522
80523
80524
80525
80527
80528
80529
80530
80531
80532
80533
80535
80536
80537
80538
80539
80540
80541
80543
80546
80547
80548
80549
80550
80551
80552
80553
80554
80555
80556
80558
80559
80560
80561
80562
80563
80564
80566
80568
80569
80570
80571
80573
80574
80575
80576
80578
80579
80580
80581
80584
80586
80587
80589
80590
80591
80593
80594
80595
80596
80597
80601
80602
80603
80605
80607
80608
80610
80611
80612
80615
80616
80617
80621
80623
80624
80628
80631
80633
80637
80638
80639
80640
80641
80642
80644
80645
80646
80647
80648
80649
80650
80651
80652
80653
80654
80655
80656
80657
80658
80659
80660
80661
80662
80663
80664
80666
80667
80668
80669
80671
80672
80673
80674
80676
80677
80678
80679
80680
80681
80682
80683
80684
80685
80687
80688
80689
80690
80693
80694
80695
80696
80697
80698
80699
80700
80701
80702
80703
80704
80706
80707
80708
80710
80711
80712
80713
80714
80715
80716
80717
80718
80719
80721
80722
80723
80724
80725
80726
80727
80729
80732
80733
80734
80735
80736
80737
80738
80739
80740
80741
80742
80743
80745
80746
80747
80748
80749
80751
80754
80755
80756
80757
80758
80759
80762
80763
80764
80765
80766
80768
80769
80770
80771
80772
80773
80774
80775
80776
80777
80778
80779
80780
80782
80784
80785
80786
80787
80788
80789
80790
80791
80792
80795
80796
80798
80799
80800
80801
80802
80804
80805
80806
80807
80808
80809
80811
80812
80813
80814
80815
80816
80817
80819
80821
80822
80824
80825
80826
80828
80829
80830
80831
80832
80835
80836
80837
80838
80839
80840
80841
80842
80843
80844
80845
80847
80848
80849
80850
80851
80852
80853
80855
80856
80859
80860
80861
80862
80863
80864
80865
80867
80868
80871
80872
80873
80874
80876
80877
80878
80880
80881
80882
80883
80884
80886
80887
80888
80890
80891
80892
80893
80894
80895
80896
80897
80898
80899
80900
80901
80902
80903
80904
80905
80906
80907
80909
80912
80913
80917
80918
80920
80921
80922
80924
80925
80926
80927
80928
80929
80930
80931
80932
80934
80935
80936
80937
80938
80939
80940
80943
80944
80945
80946
80947
80948
80949
80950
80951
80952
80953
80955
80956
80957
80968
80970
80973
80975
80977
80978
80982
80984
80985
80987
80988
80989
80990
80992
80993
80999
81001
81006
81007
81008
81009
81010
81012
81026
81027
81034
81036
81038
81039
81042
81043
81044
81058
81070
81076
81090
81091
81096
81238
81248
81249
81250
81253
81254
81257
81259
81260
81261
81265
81266
81267
81271
81272
81273
81274
81276
81277
81280
81284
81285
81295
81296
81297
81298
81305
81310
81316
81317
81318
81319
81320
81322
81324
81327
81330
81340
81341
81342
81345
81350
81355
81360
81364
81365
81366
81369
81370
81374
81381
81390
81398
81401
81402
81418
81422
81432
81437
81446
81447
81450
81451
81454
81458
81465
81468
81472
81476
81478
81480
81481
81482
81488
81497
81499
81502
81505
81510
81515
81517
81518
81520
81522
81524
81527
81528
81534
81542
81627
82090
82181
82194
82201
82202
82207
82209
82211
82212
82249
82277
82303
82308
82326
82327
82329
82330
82332
82337
82341
82357
82361
82370
82371
82375
82376
82377
82379
82382
82383
82384
82385
82392
82393
82641
829
83046
83064
83091
83092
83100
83108
83129
83157
83168
83169
83181
832
83217
83226
83228
83233
83238
83244
83250
83255
83256
83260
83261
83263
83267
83269
83270
83272
83277
83288
834
83509
836
837
838
83810
83865
83887
83913
83914
83917
83923
83951
83974
83985
84016
84024
84025
84031
84036
84038
84049
84051
84052
84053
84054
84063
84070
84071
84264
843
845
846
84625
84656
84666
84678
84681
84688
84689
84696
84700
84709
84736
84750
84784
84785
84789
84797
84802
84804
84809
84811
84812
84815
84817
84818
84819
84820
84828
849
84974
84975
8504
85330
85387
85423
85444
85491
85528
85540
85548
85557
85558
85559
85563
85565
85571
85732
85806
861
86126
86127
86137
86148
86156
86160
86164
86178
86180
86196
86219
86220
86228
86242
86245
86248
86250
86290
86292
86296
86303
86304
86308
86309
86310
86312
86314
86316
86317
86319
86321
86323
86328
86522
86523
86891
86929
86931
86935
86942
86943
86970
86975
87008
87015
87037
87039
87048
87051
87066
87071
87076
8708
87082
87083
87086
87089
87090
87091
87094
87168
87250
87600
87603
87686
87690
87695
87696
87699
87711
87712
87735
87742
87764
87799
87802
87821
87823
87824
87825
87827
87831
87833
87834
87835
87836
87843
88397
88403
88410
88412
88441
88458
88479
88481
88483
88489
88503
88505
88512
88681
88942
88997
88998
89029
89030
89037
89086
89134
89147
89148
89162
89166
89172
89179
89181
89661
89684
89716
89729
89732
89794
89819
89826
89836
89846
89850
89856
89859
89860
89861
89868
89947
90372
90377
90379
90381
90389
90391
90393
90436
90460
90461
90483
90489
90501
90507
90510
90518
90523
90525
90526
90528
90529
90532
90700
90955
91017
91068
91087
91089
91110
91111
91151
91167
91169
91171
91174
91176
91181
91362
91379
915
91620
91683
91685
91697
917
91704
91746
91749
91782
91790
91797
91804
91811
91814
91818
91819
919
920
92042
921
92251
92253
92278
92280
92326
92328
92329
92377
92378
92383
92386
92387
92397
92398
924
92400
927
928
92808
92863
92885
92888
92895
92911
92916
92935
92936
92943
92979
92982
92997
93015
93017
931
93149
932
933
934
93470
93498
935
93518
93573
93610
93616
93617
93618
93625
93626
93631
93757
938
939
94012
94043
941
94136
94157
94161
94167
94170
94172
94174
94179
94184
94186
94188
94189
94195
94632
94635
94668
94672
94683
94720
94724
94746
94748
94749
94767
94768
94769
94779
94917
94922
95170
95216
95228
95247
95264
95268
95299
95300
95324
95342
95344
95363
95381
95384
95386
95387
95388
95390
954
95529
95755
95832
95835
95836
95842
95853
95870
95877
95897
95904
95911
95923
95932
95933
95940
96378
96408
96411
96471
96500
96508
96513
96515
96516
96520
96609
967
969
96928
96929
96978
97004
97005
97017
97019
97020
97026
97027
971
97165
972
973
974
97456
97460
975
97504
97510
97514
97515
97516
97519
97520
97528
97529
97530
97536
976
977
978
979
97947
980
98021
98033
98044
98047
98048
98053
98054
981
98163
98177
982
983
98394
984
98430
98431
98433
98437
98464
98494
98499
98500
98505
98535
98547
98552
988
98909
98934
98935
98971
98975
98976
98992
98998
99022
99031
99050
99058
99063
99064
99068
99140
99208
99454
99461
99464
99466
99478
99482
99507
99523
99550
99552
99556
99558
99559
99562
996
998
99881
99947
99949
99954
99989
RESOURCE
